275211380
296867922
542810451
1540961300
328921705
18492523
15290428
34619413
20867032
394598735
91434415
20175513
72511422
897819686
260257955
3557051
309131477
20691963
228707218
393029526
15143407
122319716
66323141
18213600
104786909
123564843
6722902
39508332
1152981
154557212
124762980
54931291
249155044
86326453
6776962
15312121
1545784418
235264229
47922858
10492752
474787232
14763734
343917080
21217761
972651
479385698
81129463
14479610
8161232
421852120
55182953
19781200
76117579
1542885432
185561486
289502013
29704444
18473668
460135275
20562637
20555005
98846572
1326328448
303903024
120208261
392683038
437746025
415502584
28070837
63110586
26735802
21982429
82291394
6942252
194082038
61477824
344719931
41434440
41237146
87287291
17819407
14812796
314642329
1106553810
191364378
184730244
52144234
1150071
